0.68	 0.00	
244446.56	 2444458.75	
735245.31	 4907987.50	
1475595.50	 7403502.00	
2469210.00	 9936146.00	
3719668.00	 12504580.00	
5230050.00	 15103820.00	
7002825.50	 17727754.00	
9039890.00	 20370644.00	
11342663.00	 23027730.00	
13912195.00	 25695322.00	
16749261.00	 28370662.00	
19854434.00	 31051726.00	
23228138.00	 33737044.00	
26870692.00	 36425544.00	
30782336.00	 39116448.00	
34963256.00	 41809184.00	
39413588.00	 44503328.00	
44133444.00	 47198568.00	
49122912.00	 49894664.00	
54382056.00	 52591440.00	
59910932.00	 55288756.00	
65709584.00	 57986508.00	
71778048.00	 60684612.00	
78116352.00	 63383000.00	
84724512.00	 66081624.00	
91602560.00	 68780448.00	
98750504.00	 71479432.00	
106168360.00	 74178552.00	
113856136.00	 76877784.00	
121813848.00	 79577112.00	
130041504.00	 82276520.00	
138539104.00	 84976000.00	
147306656.00	 87675544.00	
156344176.00	 90375136.00	
165651648.00	 93074776.00	
175229088.00	 95774456.00	
185076512.00	 98474168.00	
195193904.00	 101173912.00	
205581280.00	 103873680.00	
216238624.00	 106573472.00	
227165952.00	 109273280.00	
238363264.00	 111973104.00	
249830560.00	 114672944.00	
261567840.00	 117372800.00	
273575104.00	 120072672.00	
285852352.00	 122772552.00	
298399584.00	 125472440.00	
311216832.00	 128172344.00	
324304064.00	 130872256.00	
337661280.00	 133572168.00	
351288480.00	 136272096.00	
365185696.00	 138972032.00	
379352896.00	 141671968.00	
393790080.00	 144371904.00	
408497280.00	 147071840.00	
423474464.00	 149771792.00	
438721632.00	 152471744.00	
454238816.00	 155171696.00	
470025984.00	 157871648.00	
486083136.00	 160571616.00	
502410304.00	 163271584.00	
519007456.00	 165971552.00	
535874624.00	 168671520.00	
553011776.00	 171371488.00	
570418944.00	 174071456.00	
588096064.00	 176771424.00	
606043200.00	 179471392.00	
624260352.00	 182171376.00	
642747520.00	 184871360.00	
661504640.00	 187571344.00	
680531776.00	 190271328.00	
699828928.00	 192971312.00	
719396032.00	 195671296.00	
739233152.00	 198371280.00	
759340288.00	 201071264.00	
779717440.00	 203771248.00	
800364544.00	 206471232.00	
821281664.00	 209171216.00	
842468800.00	 211871200.00	
863925888.00	 214571184.00	
885652992.00	 217271168.00	
907650112.00	 219971152.00	
929917248.00	 222671136.00	
952454336.00	 225371120.00	
975261440.00	 228071104.00	
998338560.00	 230771088.00	
1021685696.00	 233471072.00	
1045302784.00	 236171072.00	
1069189888.00	 238871072.00	
1093346944.00	 241571072.00	
1117774080.00	 244271072.00	
1142471168.00	 246971072.00	
1167438336.00	 249671072.00	
1192675456.00	 252371072.00	
1218182528.00	 255071072.00	
1243959680.00	 257771072.00	
1270006784.00	 260471072.00	
1296323840.00	 263171072.00	
1322910976.00	 265871072.00	
1349768064.00	 268571072.00	
1376895232.00	 271271072.00	
1404292352.00	 273971072.00	
1431959424.00	 276671072.00	
1459896576.00	 279371072.00	
1488103680.00	 282071072.00	
1516580736.00	 284771072.00	
1545327872.00	 287471072.00	
1574344960.00	 290171072.00	
1603632128.00	 292871072.00	
1633189248.00	 295571072.00	
1663016320.00	 298271072.00	
1693113472.00	 300971072.00	
1723480576.00	 303671072.00	
1754117632.00	 306371072.00	
1785024768.00	 309071072.00	
1816201856.00	 311771072.00	
1847649024.00	 314471072.00	
1879366144.00	 317171072.00	
1911353216.00	 319871072.00	
1943610368.00	 322571072.00	
1976137472.00	 325271072.00	
2008934528.00	 327971072.00	
2042001664.00	 330671072.00	
2075338752.00	 333371072.00	
2108945920.00	 336071072.00	
2142823040.00	 338771072.00	
2176970240.00	 341471072.00	
2211387392.00	 344171072.00	
2246074624.00	 346871072.00	
2281031680.00	 349571072.00	
2316258816.00	 352271072.00	
2351756032.00	 354971072.00	
2387523072.00	 357671072.00	
2423560192.00	 360371072.00	
2459867392.00	 363071072.00	
2496444416.00	 365771072.00	
2533291520.00	 368471072.00	
2570408704.00	 371171072.00	
2607795712.00	 373871072.00	
2645452800.00	 376571072.00	
2683379968.00	 379271072.00	
2721576960.00	 381971072.00	
2760044032.00	 384671072.00	
2798781184.00	 387371072.00	
2837788416.00	 390071072.00	
2877065472.00	 392771072.00	
2916612608.00	 395471072.00	
2956429824.00	 398171072.00	
2996516864.00	 400871072.00	
3036873984.00	 403571072.00	
3077501184.00	 406271072.00	
3118398208.00	 408971072.00	
3159565312.00	 411671072.00	
3201002496.00	 414371072.00	
3242709504.00	 417071072.00	
3284686592.00	 419771072.00	
3326933760.00	 422471072.00	
3369450752.00	 425171072.00	
3412237824.00	 427871072.00	
3455294976.00	 430571072.00	
3498622208.00	 433271072.00	
3542219264.00	 435971072.00	
3586086400.00	 438671072.00	
3630223616.00	 441371072.00	
3674630656.00	 444071072.00	
3719307776.00	 446771072.00	
3764254976.00	 449471072.00	
3809472000.00	 452171072.00	
3854959104.00	 454871072.00	
3900716288.00	 457571072.00	
3946743296.00	 460271072.00	
3993040384.00	 462971072.00	
4039607552.00	 465671072.00	
4086444544.00	 468371072.00	
4133551616.00	 471071072.00	
4180928768.00	 473771072.00	
4228576000.00	 476471072.00	
4276493056.00	 479171072.00	
4324680192.00	 481871072.00	
4373137408.00	 484571072.00	
4421864448.00	 487271072.00	
4470861312.00	 489971072.00	
4520128512.00	 492671072.00	
4569665536.00	 495371072.00	
4619472896.00	 498071072.00	
4669550080.00	 500771072.00	
4719897088.00	 503471072.00	
4770514432.00	 506171072.00	
4821401600.00	 508871072.00	
4872558592.00	 511571072.00	
4923985920.00	 514271072.00	
4975683072.00	 516971072.00	
5027650048.00	 519671072.00	
5079887360.00	 522371072.00	
5132394496.00	 525071072.00	
5185171456.00	 527771072.00	
5238218752.00	 530471072.00	
5291535872.00	 533171072.00	
5345122816.00	 535871072.00	
5398980096.00	538571072.00	