0.00	 0.00	
2444458.75	 0.10	
4907987.50	 0.20	
7403502.00	 0.30	
9936146.00	 0.40	
12504580.00	 0.50	
15103820.00	 0.60	
17727754.00	 0.70	
20370644.00	 0.80	
23027730.00	 0.90	
25695322.00	 1.00	
28370662.00	 1.10	
31051726.00	 1.20	
33737044.00	 1.30	
36425544.00	 1.40	
39116448.00	 1.50	
41809184.00	 1.60	
44503328.00	 1.70	
47198568.00	 1.80	
49894664.00	 1.90	
52591440.00	 2.00	
55288756.00	 2.10	
57986508.00	 2.20	
60684612.00	 2.30	
63383000.00	 2.40	
66081624.00	 2.50	
68780448.00	 2.60	
71479432.00	 2.70	
74178552.00	 2.80	
76877784.00	 2.90	
79577112.00	 3.00	
82276520.00	 3.10	
84976000.00	 3.20	
87675544.00	 3.30	
90375136.00	 3.40	
93074776.00	 3.50	
95774456.00	 3.60	
98474168.00	 3.70	
101173912.00	 3.80	
103873680.00	 3.90	
106573472.00	 4.00	
109273280.00	 4.10	
111973104.00	 4.20	
114672944.00	 4.30	
117372800.00	 4.40	
120072672.00	 4.50	
122772552.00	 4.60	
125472440.00	 4.70	
128172344.00	 4.80	
130872256.00	 4.90	
133572168.00	 5.00	
136272096.00	 5.10	
138972032.00	 5.20	
141671968.00	 5.30	
144371904.00	 5.40	
147071840.00	 5.50	
149771792.00	 5.60	
152471744.00	 5.70	
155171696.00	 5.80	
157871648.00	 5.90	
160571616.00	 6.00	
163271584.00	 6.10	
165971552.00	 6.20	
168671520.00	 6.30	
171371488.00	 6.40	
174071456.00	 6.50	
176771424.00	 6.60	
179471392.00	 6.70	
182171376.00	 6.80	
184871360.00	 6.90	
187571344.00	 7.00	
190271328.00	 7.10	
192971312.00	 7.20	
195671296.00	 7.30	
198371280.00	 7.40	
201071264.00	 7.50	
203771248.00	 7.60	
206471232.00	 7.70	
209171216.00	 7.80	
211871200.00	 7.90	
214571184.00	 8.00	
217271168.00	 8.10	
219971152.00	 8.20	
222671136.00	 8.30	
225371120.00	 8.40	
228071104.00	 8.50	
230771088.00	 8.60	
233471072.00	 8.70	
236171072.00	 8.80	
238871072.00	 8.90	
241571072.00	 9.00	
244271072.00	 9.10	
246971072.00	 9.20	
249671072.00	 9.30	
252371072.00	 9.40	
255071072.00	 9.50	
257771072.00	 9.60	
260471072.00	 9.70	
263171072.00	 9.80	
265871072.00	 9.90	
268571072.00	 10.00	
271271072.00	 10.10	
273971072.00	 10.20	
276671072.00	 10.30	
279371072.00	 10.40	
282071072.00	 10.50	
284771072.00	 10.60	
287471072.00	 10.70	
290171072.00	 10.80	
292871072.00	 10.90	
295571072.00	 11.00	
298271072.00	 11.10	
300971072.00	 11.20	
303671072.00	 11.30	
306371072.00	 11.40	
309071072.00	 11.50	
311771072.00	 11.60	
314471072.00	 11.70	
317171072.00	 11.80	
319871072.00	 11.90	
322571072.00	 12.00	
325271072.00	 12.10	
327971072.00	 12.20	
330671072.00	 12.30	
333371072.00	 12.40	
336071072.00	 12.50	
338771072.00	 12.60	
341471072.00	 12.70	
344171072.00	 12.80	
346871072.00	 12.90	
349571072.00	 13.00	
352271072.00	 13.10	
354971072.00	 13.20	
357671072.00	 13.30	
360371072.00	 13.40	
363071072.00	 13.50	
365771072.00	 13.60	
368471072.00	 13.70	
371171072.00	 13.80	
373871072.00	 13.90	
376571072.00	 14.00	
379271072.00	 14.10	
381971072.00	 14.20	
384671072.00	 14.30	
387371072.00	 14.40	
390071072.00	 14.50	
392771072.00	 14.60	
395471072.00	 14.70	
398171072.00	 14.80	
400871072.00	 14.90	
403571072.00	 15.00	
406271072.00	 15.10	
408971072.00	 15.20	
411671072.00	 15.30	
414371072.00	 15.40	
417071072.00	 15.50	
419771072.00	 15.60	
422471072.00	 15.70	
425171072.00	 15.80	
427871072.00	 15.90	
430571072.00	 16.00	
433271072.00	 16.10	
435971072.00	 16.20	
438671072.00	 16.30	
441371072.00	 16.40	
444071072.00	 16.50	
446771072.00	 16.60	
449471072.00	 16.70	
452171072.00	 16.80	
454871072.00	 16.90	
457571072.00	 17.00	
460271072.00	 17.10	
462971072.00	 17.20	
465671072.00	 17.30	
468371072.00	 17.40	
471071072.00	 17.50	
473771072.00	 17.60	
476471072.00	 17.70	
479171072.00	 17.80	
481871072.00	 17.90	
484571072.00	 18.00	
487271072.00	 18.10	
489971072.00	 18.20	
492671072.00	 18.30	
495371072.00	 18.40	
498071072.00	 18.50	
500771072.00	 18.60	
503471072.00	 18.70	
506171072.00	 18.80	
508871072.00	 18.90	
511571072.00	 19.00	
514271072.00	 19.10	
516971072.00	 19.20	
519671072.00	 19.30	
522371072.00	 19.40	
525071072.00	 19.50	
527771072.00	 19.60	
530471072.00	 19.70	
533171072.00	 19.80	
535871072.00	 19.90	
538571072.00	20.00	