0.68	 0.00	
244446.56	 0.10	
735245.31	 0.20	
1475595.50	 0.30	
2469210.00	 0.40	
3719668.00	 0.50	
5230050.00	 0.60	
7002825.50	 0.70	
9039890.00	 0.80	
11342663.00	 0.90	
13912195.00	 1.00	
16749261.00	 1.10	
19854434.00	 1.20	
23228138.00	 1.30	
26870692.00	 1.40	
30782336.00	 1.50	
34963256.00	 1.60	
39413588.00	 1.70	
44133444.00	 1.80	
49122912.00	 1.90	
54382056.00	 2.00	
59910932.00	 2.10	
65709584.00	 2.20	
71778048.00	 2.30	
78116352.00	 2.40	
84724512.00	 2.50	
91602560.00	 2.60	
98750504.00	 2.70	
106168360.00	 2.80	
113856136.00	 2.90	
121813848.00	 3.00	
130041504.00	 3.10	
138539104.00	 3.20	
147306656.00	 3.30	
156344176.00	 3.40	
165651648.00	 3.50	
175229088.00	 3.60	
185076512.00	 3.70	
195193904.00	 3.80	
205581280.00	 3.90	
216238624.00	 4.00	
227165952.00	 4.10	
238363264.00	 4.20	
249830560.00	 4.30	
261567840.00	 4.40	
273575104.00	 4.50	
285852352.00	 4.60	
298399584.00	 4.70	
311216832.00	 4.80	
324304064.00	 4.90	
337661280.00	 5.00	
351288480.00	 5.10	
365185696.00	 5.20	
379352896.00	 5.30	
393790080.00	 5.40	
408497280.00	 5.50	
423474464.00	 5.60	
438721632.00	 5.70	
454238816.00	 5.80	
470025984.00	 5.90	
486083136.00	 6.00	
502410304.00	 6.10	
519007456.00	 6.20	
535874624.00	 6.30	
553011776.00	 6.40	
570418944.00	 6.50	
588096064.00	 6.60	
606043200.00	 6.70	
624260352.00	 6.80	
642747520.00	 6.90	
661504640.00	 7.00	
680531776.00	 7.10	
699828928.00	 7.20	
719396032.00	 7.30	
739233152.00	 7.40	
759340288.00	 7.50	
779717440.00	 7.60	
800364544.00	 7.70	
821281664.00	 7.80	
842468800.00	 7.90	
863925888.00	 8.00	
885652992.00	 8.10	
907650112.00	 8.20	
929917248.00	 8.30	
952454336.00	 8.40	
975261440.00	 8.50	
998338560.00	 8.60	
1021685696.00	 8.70	
1045302784.00	 8.80	
1069189888.00	 8.90	
1093346944.00	 9.00	
1117774080.00	 9.10	
1142471168.00	 9.20	
1167438336.00	 9.30	
1192675456.00	 9.40	
1218182528.00	 9.50	
1243959680.00	 9.60	
1270006784.00	 9.70	
1296323840.00	 9.80	
1322910976.00	 9.90	
1349768064.00	 10.00	
1376895232.00	 10.10	
1404292352.00	 10.20	
1431959424.00	 10.30	
1459896576.00	 10.40	
1488103680.00	 10.50	
1516580736.00	 10.60	
1545327872.00	 10.70	
1574344960.00	 10.80	
1603632128.00	 10.90	
1633189248.00	 11.00	
1663016320.00	 11.10	
1693113472.00	 11.20	
1723480576.00	 11.30	
1754117632.00	 11.40	
1785024768.00	 11.50	
1816201856.00	 11.60	
1847649024.00	 11.70	
1879366144.00	 11.80	
1911353216.00	 11.90	
1943610368.00	 12.00	
1976137472.00	 12.10	
2008934528.00	 12.20	
2042001664.00	 12.30	
2075338752.00	 12.40	
2108945920.00	 12.50	
2142823040.00	 12.60	
2176970240.00	 12.70	
2211387392.00	 12.80	
2246074624.00	 12.90	
2281031680.00	 13.00	
2316258816.00	 13.10	
2351756032.00	 13.20	
2387523072.00	 13.30	
2423560192.00	 13.40	
2459867392.00	 13.50	
2496444416.00	 13.60	
2533291520.00	 13.70	
2570408704.00	 13.80	
2607795712.00	 13.90	
2645452800.00	 14.00	
2683379968.00	 14.10	
2721576960.00	 14.20	
2760044032.00	 14.30	
2798781184.00	 14.40	
2837788416.00	 14.50	
2877065472.00	 14.60	
2916612608.00	 14.70	
2956429824.00	 14.80	
2996516864.00	 14.90	
3036873984.00	 15.00	
3077501184.00	 15.10	
3118398208.00	 15.20	
3159565312.00	 15.30	
3201002496.00	 15.40	
3242709504.00	 15.50	
3284686592.00	 15.60	
3326933760.00	 15.70	
3369450752.00	 15.80	
3412237824.00	 15.90	
3455294976.00	 16.00	
3498622208.00	 16.10	
3542219264.00	 16.20	
3586086400.00	 16.30	
3630223616.00	 16.40	
3674630656.00	 16.50	
3719307776.00	 16.60	
3764254976.00	 16.70	
3809472000.00	 16.80	
3854959104.00	 16.90	
3900716288.00	 17.00	
3946743296.00	 17.10	
3993040384.00	 17.20	
4039607552.00	 17.30	
4086444544.00	 17.40	
4133551616.00	 17.50	
4180928768.00	 17.60	
4228576000.00	 17.70	
4276493056.00	 17.80	
4324680192.00	 17.90	
4373137408.00	 18.00	
4421864448.00	 18.10	
4470861312.00	 18.20	
4520128512.00	 18.30	
4569665536.00	 18.40	
4619472896.00	 18.50	
4669550080.00	 18.60	
4719897088.00	 18.70	
4770514432.00	 18.80	
4821401600.00	 18.90	
4872558592.00	 19.00	
4923985920.00	 19.10	
4975683072.00	 19.20	
5027650048.00	 19.30	
5079887360.00	 19.40	
5132394496.00	 19.50	
5185171456.00	 19.60	
5238218752.00	 19.70	
5291535872.00	 19.80	
5345122816.00	 19.90	
5398980096.00	20.00	